4
7.089
5
7.11
6
7.183
7
7.257
8
7.582952815829528
9
7.75776397515528
10
8.006420545746389
11
8.244224422442244
12
8.764912280701754
13
9.100182149362476
14
9.952191235059761
15
10.268041237113403
16
11.147321428571429
17
11.815602836879433
18
12.427860696517413
19
12.984375
20
14.193181818181818
21
14.469565217391304
22
15.557632398753894
23
15.910828025477707
24
16.214285714285715
25
16.207792207792206
26
17.519434628975265
27
17.78494623655914
28
19.825396825396826
29
19.2972972972973
30
19.952
31
19.364341085271317
32
21.912280701754387
33
23.10185185185185
34
23.013824884792626
35
24.470588235294116
36
24.855721393034827
37
24.028846153846153
38
28.386363636363637
39
26.806451612903224
40
27.152173913043477
41
27.097826086956523
42
29.029239766081872
43
30.317073170731707
44
33.45945945945946
45
33.05960264900662
46
30.765432098765434
47
31.329113924050635
48
34.44137931034483
49
34.27777777777778
50
34.75524475524475
51
31.40506329113924
52
41.266666666666666
53
41.15702479338843
54
37.223880597014926
55
37.43939393939394
